[1.0, 1.0, 1.0, 1.0, 1.0, 1.0, 1.0]
[1.0, 1.0, 0.896204948425293, 1.0, 1.0]
[1.0, 1.0, 1.0, 1.0, 0.8962046504020691, 1.0, 1.0]
[1.0, 1.0, 1.0]
[1.0, 1.0, 1.0, 0.8333333134651184, 1.0, 1.0, 1.0, 1.0, 1.0]
[1.0, 1.0, 1.0, 0.909831702709198, 1.0, 1.0, 1.0]
[1.0]
[1.0]
[0.8815223574638367]
[1.0, 1.0]
[1.0, 1.0, 1.0, 1.0, 1.0, 1.0, 1.0, 1.0]
[1.0]
[1.0, 1.0, 1.0, 1.0, 1.0, 1.0]
[0.8498137593269348, 1.0, 0.9098319411277771, 1.0, 0.896204948425293, 1.0, 1.0, 1.0, 1.0]
[1.0, 1.0, 1.0, 1.0, 1.0, 1.0]
[0.8659747242927551]
[1.0, 0.896204948425293]
[1.0]
[1.0]
[1.0, 1.0, 1.0, 1.0, 1.0, 1.0]
[1.0, 0.896204948425293, 1.0, 0.9222751259803772]
[]
[1.0, 0.9222756028175354, 1.0, 1.0]
[1.0]
[1.0]
[1.0]
[]
[1.0, 0.9222756028175354, 1.0, 1.0]
[1.0, 1.0, 0.9222756028175354, 1.0, 0.909831702709198]
[1.0, 0.9222756028175354, 1.0]
[1.0, 0.9222753643989563, 1.0, 1.0]
[1.0, 1.0, 0.8659747242927551, 1.0, 0.909831702709198]
[1.0, 1.0]
[1.0, 1.0, 0.9222753643989563, 1.0]
[1.0]
[1.0, 0.909831702709198]
[1.0, 1.0, 1.0, 1.0]
[0.909831702709198, 1.0]
[1.0, 1.0, 1.0]
[1.0, 1.0, 1.0, 1.0, 1.0, 1.0, 1.0]
[1.0, 1.0]
[1.0]
[1.0, 0.8498137593269348, 0.8659747242927551, 1.0]
[1.0]
[1.0, 0.896204948425293, 1.0, 1.0, 1.0, 1.0]
[1.0, 1.0]
[]
[1.0]
[1.0, 1.0, 1.0, 1.0, 1.0]
[1.0, 1.0, 1.0, 1.0, 1.0]
[1.0, 1.0, 1.0, 1.0, 1.0]
[1.0, 0.9098319411277771, 1.0, 0.896204948425293]
[1.0, 1.0, 1.0, 1.0, 1.0]
[1.0, 1.0]
[1.0, 0.896204948425293, 0.8962046504020691, 1.0, 1.0]
[1.0, 1.0, 1.0, 1.0, 1.0, 1.0]
[1.0, 1.0, 1.0]
[1.0, 1.0, 1.0]
[1.0, 1.0, 0.9098319411277771, 1.0, 0.8659750819206238]
[1.0, 0.9098319411277771, 1.0, 1.0, 1.0]
[1.0, 0.9098319411277771, 1.0, 1.0, 1.0, 1.0, 1.0, 1.0]
[1.0, 1.0, 1.0, 1.0, 1.0]
[1.0, 1.0, 1.0, 1.0, 1.0]
[1.0, 0.896204948425293, 1.0, 1.0, 1.0, 1.0]
[1.0, 1.0, 1.0, 1.0, 1.0, 1.0]
[1.0]
[1.0, 1.0, 1.0, 1.0, 1.0]
[1.0, 1.0, 1.0, 1.0, 0.896204948425293, 1.0]
[1.0, 1.0]
[1.0, 1.0, 1.0, 1.0, 0.8498134613037109, 1.0, 1.0]
[1.0, 1.0, 1.0, 1.0, 1.0, 1.0]
[1.0, 1.0, 1.0, 1.0, 1.0, 1.0, 1.0, 1.0]
[]
[1.0, 1.0]
[1.0]
[0.9098319411277771, 1.0, 1.0, 1.0, 1.0]
[1.0]
[1.0, 0.8659747242927551, 1.0, 1.0, 1.0, 1.0]
[0.8815223574638367, 1.0, 1.0, 1.0, 1.0, 1.0, 1.0, 1.0, 1.0]
[1.0, 1.0, 1.0]
[0.881521999835968, 1.0, 1.0, 1.0, 0.881521999835968, 1.0, 1.0, 1.0, 1.0]
[1.0, 1.0, 1.0, 1.0, 1.0, 1.0, 1.0, 1.0, 0.8815223574638367]
[1.0, 0.9098319411277771, 1.0, 1.0, 0.8659747242927551, 1.0, 1.0, 0.8333333134651184, 1.0]
[1.0, 1.0, 0.8498141169548035, 1.0, 1.0, 1.0, 1.0, 1.0, 0.881521999835968]
[0.9222753643989563, 0.8659747242927551, 1.0, 1.0, 0.9222753643989563, 1.0, 1.0, 1.0, 1.0]
[]
[1.0]
[]
[]
[1.0]
[1.0]
[]
[1.0, 0.896204948425293]
[1.0, 1.0, 1.0, 1.0]
[1.0]
[1.0, 1.0, 1.0, 1.0, 1.0]
[1.0, 1.0, 1.0]
[1.0]
[1.0]
[1.0]
[1.0, 1.0, 0.8659750819206238, 1.0, 1.0]
[1.0, 1.0, 1.0]
[1.0, 1.0]
[1.0, 1.0, 1.0]
[1.0, 1.0, 1.0, 1.0, 1.0, 1.0]
[0.9222753643989563, 1.0, 1.0, 1.0]
[1.0, 1.0]
[1.0, 1.0, 0.896204948425293]
[1.0, 1.0, 1.0, 1.0, 1.0, 1.0, 1.0, 1.0]
[1.0, 1.0, 1.0, 1.0, 1.0, 1.0, 1.0]
[1.0, 1.0, 1.0, 1.0, 1.0, 1.0, 1.0]
[1.0, 1.0]
[1.0, 1.0, 0.9222753643989563, 1.0, 1.0, 0.9098319411277771]
[1.0, 1.0, 1.0, 0.9098319411277771, 1.0]
[1.0, 1.0, 0.8498137593269348, 1.0, 1.0, 1.0]
[1.0, 1.0, 1.0, 1.0, 1.0]
[1.0, 1.0, 0.9222753643989563, 1.0, 1.0]
[1.0, 1.0, 1.0, 0.8498137593269348, 1.0, 1.0, 1.0]
[1.0, 1.0, 1.0, 1.0]
[1.0, 1.0, 1.0]
[1.0]
[]
[1.0]
[1.0, 1.0, 1.0, 1.0, 1.0]
[1.0, 1.0, 1.0, 1.0]
[1.0, 1.0, 1.0]
[1.0, 1.0, 1.0, 1.0, 1.0]
[]
[1.0, 1.0]
[1.0, 1.0, 1.0, 1.0]
[1.0, 1.0]
[1.0, 1.0]
[1.0, 1.0, 1.0, 1.0]
[]
[1.0, 1.0, 1.0, 1.0, 1.0, 1.0]
[1.0, 1.0, 1.0, 1.0, 1.0]
[1.0, 0.8498134613037109]
[1.0, 1.0, 0.9222756028175354, 1.0]
[1.0, 1.0]
[1.0, 1.0, 1.0, 1.0, 1.0, 1.0]
[1.0, 1.0, 1.0, 1.0, 1.0, 1.0]
[0.9222756028175354, 0.8498137593269348]
[0.9222756028175354, 1.0, 1.0]
[1.0, 0.9098319411277771, 1.0, 1.0, 1.0, 1.0]
[1.0, 1.0, 1.0, 1.0, 1.0]
[1.0, 1.0, 1.0, 1.0, 1.0, 1.0]
[1.0, 1.0]
[1.0, 1.0, 1.0, 1.0, 1.0, 1.0, 1.0, 1.0]
[1.0, 0.8659747242927551, 1.0, 1.0, 0.8333333134651184]
[1.0, 1.0, 1.0]
[1.0]
[1.0, 1.0]
[]
[]
[]
[1.0]
[1.0, 0.9098319411277771, 1.0]
[1.0]
[1.0]
[1.0, 1.0]
[1.0]
[1.0, 0.909831702709198, 0.8498137593269348, 0.8498141169548035, 0.8659747242927551]
[1.0, 0.881521999835968, 1.0, 0.8659750819206238]
[1.0]
[1.0, 1.0]
[]
[1.0, 1.0]
[1.0, 1.0, 1.0]
[1.0]
[]
[1.0]
[1.0, 1.0, 0.8498137593269348, 1.0, 1.0, 1.0, 1.0]
[1.0]
[1.0, 1.0, 1.0, 1.0, 1.0]
[1.0, 1.0, 1.0, 1.0, 1.0]
[1.0, 1.0, 1.0, 1.0]
[1.0, 0.8498134613037109, 1.0, 1.0, 1.0]
[1.0, 1.0]
[1.0, 1.0, 1.0, 1.0]
[0.8659747242927551, 1.0]
[1.0, 0.909831702709198, 1.0, 1.0, 1.0, 1.0, 1.0, 1.0, 1.0]
[1.0, 1.0, 1.0, 0.909831702709198, 1.0, 1.0, 1.0]
[1.0, 1.0, 1.0]
[1.0, 1.0, 1.0, 1.0, 1.0, 1.0, 1.0, 1.0]
[1.0, 0.8498137593269348]
[1.0, 1.0, 1.0, 1.0, 1.0]
[1.0, 1.0, 0.909831702709198, 1.0]
[1.0, 1.0, 1.0, 1.0, 1.0, 1.0, 1.0]
[0.8498137593269348, 1.0, 1.0, 1.0, 1.0, 1.0]
[1.0, 1.0, 1.0]
[1.0, 1.0, 1.0]
[1.0, 1.0, 0.9222756028175354, 1.0, 1.0, 1.0]
[1.0, 0.8962046504020691, 1.0, 1.0, 1.0]
[1.0, 1.0, 1.0, 1.0, 0.9222753643989563, 0.881521999835968, 1.0, 1.0, 1.0]
[0.8498134613037109, 0.8498134613037109, 1.0, 1.0, 1.0, 0.8659750819206238, 1.0]
[1.0]
[1.0, 1.0, 1.0]
[1.0, 1.0, 1.0, 1.0, 1.0, 1.0, 1.0, 1.0]
[1.0, 1.0, 1.0, 1.0, 1.0, 1.0, 1.0, 1.0, 1.0]
[1.0, 1.0, 1.0, 1.0, 1.0, 1.0, 1.0, 1.0, 0.896204948425293]
[1.0, 0.8659747242927551, 1.0, 1.0, 1.0, 1.0, 1.0, 1.0]
[1.0, 0.8815217018127441, 1.0, 1.0, 1.0, 0.881521999835968, 1.0, 1.0, 1.0]
[1.0, 1.0, 1.0, 1.0, 1.0, 1.0, 1.0, 1.0, 1.0]
[1.0, 1.0, 1.0, 1.0, 1.0, 1.0, 1.0, 1.0]
[1.0, 1.0, 1.0, 1.0, 1.0, 1.0, 1.0, 1.0, 1.0]
[1.0, 1.0, 1.0, 1.0, 1.0, 1.0, 1.0, 1.0]
[1.0, 1.0, 1.0, 1.0, 1.0, 1.0, 1.0, 1.0, 1.0]
[1.0, 1.0, 1.0, 1.0, 1.0, 1.0, 1.0, 1.0]
[1.0]
[]
[1.0, 1.0]
[0.8659747242927551]
[1.0, 1.0, 1.0, 1.0, 1.0, 1.0, 1.0, 1.0, 1.0]
[]
[1.0, 0.8333333134651184, 0.9222751259803772, 1.0, 1.0, 1.0]
[1.0]
[0.881521999835968, 1.0, 1.0, 0.881521999835968, 1.0, 1.0, 1.0, 1.0, 0.896204948425293]
[1.0, 1.0, 1.0, 1.0, 1.0]
[]
[1.0, 1.0, 1.0, 1.0]
[1.0, 1.0, 1.0]
[]
[1.0, 1.0, 0.8659747242927551, 1.0, 1.0, 1.0]
[0.8498134613037109, 0.8498134613037109, 1.0, 1.0, 1.0, 1.0]
[1.0, 1.0, 1.0, 1.0, 1.0]
[0.9098319411277771, 1.0, 1.0, 1.0, 1.0]
[1.0, 1.0]
[0.8659747242927551, 1.0, 1.0, 1.0, 1.0]
[0.881521999835968, 1.0, 1.0, 1.0, 1.0]
[1.0, 1.0, 1.0, 1.0, 0.8659747242927551]
[1.0]
[1.0, 1.0, 1.0, 1.0]
[]
[]
[0.8498134613037109, 1.0, 1.0, 0.9098319411277771, 0.8333333134651184]
[1.0, 0.8498137593269348]
[1.0, 1.0, 1.0, 1.0, 1.0, 1.0]
[1.0, 1.0, 0.896204948425293, 1.0, 0.8659750819206238, 1.0]
[]
[]
[1.0]
[0.8498137593269348, 1.0]
[1.0, 0.881521999835968, 1.0, 1.0, 1.0, 1.0]
[1.0, 0.9098319411277771, 1.0, 1.0, 1.0]
[]
[1.0]
[1.0, 1.0, 1.0, 1.0]
[1.0, 1.0, 1.0, 1.0, 1.0, 1.0, 1.0, 1.0]
[1.0, 1.0, 1.0, 1.0]
[1.0, 1.0, 1.0, 1.0, 1.0, 1.0]
[1.0, 1.0, 1.0, 1.0, 1.0, 1.0]
[1.0, 1.0, 1.0, 1.0]
[1.0, 1.0, 0.8659747242927551, 1.0, 1.0, 1.0]
[1.0, 1.0, 1.0, 1.0, 1.0, 1.0]
[1.0, 1.0, 1.0, 1.0, 1.0, 1.0]
[1.0, 1.0, 1.0, 1.0, 1.0]
[1.0]
[1.0, 1.0, 0.8659750819206238, 1.0, 1.0]
[1.0]
[1.0, 1.0, 1.0, 1.0, 1.0]
[1.0, 1.0, 1.0, 1.0]
[1.0, 1.0, 1.0, 1.0, 1.0, 1.0]
[]
[0.9098319411277771, 1.0, 1.0, 1.0, 1.0]
[1.0, 1.0, 1.0, 0.881521999835968, 0.8498134613037109, 1.0, 0.8962046504020691]
[1.0, 1.0, 1.0, 1.0, 1.0, 1.0]
[1.0, 1.0, 1.0, 1.0, 1.0]
[1.0, 1.0, 1.0, 1.0, 0.8659747242927551, 0.8659747242927551, 1.0]
[1.0, 0.9222753643989563, 0.9222756028175354, 1.0, 1.0]
[1.0, 1.0, 1.0, 1.0, 1.0, 1.0, 1.0, 1.0]
[1.0, 1.0, 1.0, 1.0, 1.0, 1.0, 1.0]
[1.0, 0.9098319411277771, 1.0, 1.0, 1.0, 1.0]
[1.0, 1.0]
[1.0]
[1.0]
[]
[1.0, 1.0]
[1.0]
[1.0, 1.0, 1.0, 1.0]
[1.0, 1.0]
[1.0, 1.0, 1.0, 1.0, 1.0, 1.0]
[1.0, 1.0]
[]
[1.0, 1.0, 1.0, 1.0, 1.0]
[1.0, 1.0]
[]
[1.0]
[]
[]
[1.0, 1.0, 1.0, 1.0, 1.0, 1.0]
[]
[0.8333333134651184]
[1.0, 1.0]
[]
[1.0, 1.0, 1.0, 1.0]
[1.0, 1.0]
[]
[]
[1.0]
[1.0, 1.0]
[]
[1.0]
[1.0, 1.0]
[1.0, 1.0, 1.0, 1.0, 1.0, 1.0]
[]
[]
[]
[]
[1.0, 1.0]
[1.0, 1.0, 1.0, 1.0, 1.0, 1.0]
[]
[1.0, 1.0, 1.0, 1.0, 1.0, 1.0]
[1.0, 1.0, 1.0, 0.8333333134651184, 1.0, 1.0, 1.0, 1.0]
[]
[1.0, 1.0, 1.0, 1.0, 1.0, 1.0, 1.0, 1.0]
[]
[1.0]
[1.0]
[1.0, 1.0, 1.0, 0.8498134613037109, 1.0, 1.0, 1.0, 1.0, 1.0]
[1.0, 1.0]
[1.0, 1.0]
[1.0, 1.0, 1.0, 1.0, 1.0, 1.0, 1.0, 0.9098319411277771]
[1.0, 1.0, 1.0, 1.0, 1.0, 1.0]
[1.0, 1.0, 1.0, 1.0, 1.0]
[1.0, 0.8659750819206238, 1.0, 1.0, 1.0, 1.0, 1.0, 1.0]
[1.0, 0.9222753643989563, 0.881521999835968, 0.8333333134651184, 1.0, 1.0, 1.0, 1.0]
[1.0, 1.0, 1.0, 1.0, 1.0, 1.0, 1.0, 1.0]
[1.0, 0.8333333134651184, 1.0, 1.0, 1.0, 1.0, 1.0, 1.0]
[1.0, 1.0]
[1.0, 0.8498134613037109]
[1.0, 1.0]
[1.0, 1.0]
[1.0]
[1.0, 1.0, 1.0, 1.0, 1.0]
[1.0, 0.881521999835968, 1.0]
[1.0, 0.909831702709198, 1.0, 1.0, 1.0, 1.0, 1.0, 1.0]
[1.0, 1.0, 1.0, 1.0]
[1.0, 1.0, 1.0]
[1.0, 1.0, 1.0]
[1.0, 1.0, 0.8962046504020691, 1.0]
[0.8333333134651184, 1.0, 1.0, 1.0]
[]
[1.0, 1.0]
[1.0, 1.0, 1.0, 1.0, 1.0, 1.0, 1.0]
[1.0, 1.0, 1.0, 1.0, 1.0]
[1.0, 1.0]
[1.0, 1.0, 0.9222756028175354, 1.0, 1.0, 1.0, 1.0]
[1.0, 0.896204948425293, 1.0, 1.0, 0.881521999835968, 1.0, 1.0, 1.0]
[1.0, 1.0]
[1.0, 1.0, 1.0]
[1.0, 0.909831702709198]
[1.0, 0.8659747242927551, 1.0, 1.0, 1.0, 1.0, 0.8962046504020691]
[1.0, 0.896204948425293, 1.0, 1.0]
[]
[1.0, 1.0, 1.0, 1.0, 1.0]
[1.0, 1.0, 1.0, 1.0, 1.0, 1.0]
[]
[]
[]
[1.0, 1.0]
[]
[1.0, 1.0]
[]
[]
[1.0, 1.0, 0.9098319411277771, 1.0, 1.0, 1.0, 1.0]
[1.0, 1.0, 1.0, 1.0, 0.9098319411277771, 0.8498134613037109]
[1.0]
[1.0, 1.0, 0.8815223574638367, 0.8815223574638367, 1.0]
[1.0, 1.0]
[1.0, 1.0, 1.0, 1.0, 1.0, 1.0, 1.0, 1.0, 1.0]
[]
[1.0, 1.0, 1.0, 0.9222756028175354, 0.881521999835968, 0.881521999835968, 1.0, 1.0, 1.0]
[1.0, 1.0]
[0.9222753643989563, 1.0, 1.0]
[0.8333333134651184, 1.0, 1.0, 1.0]
[0.9222753643989563, 1.0, 1.0, 1.0]
[1.0, 0.8659747242927551, 1.0, 1.0, 1.0, 1.0, 1.0]
[0.9222756028175354, 1.0, 0.8659747242927551]
[]
[0.909831702709198, 1.0, 1.0, 1.0, 1.0]
[0.9222753643989563, 0.9222753643989563, 1.0, 1.0, 1.0, 1.0, 1.0, 0.881521999835968, 1.0]
[1.0, 1.0]
[1.0, 1.0, 1.0, 1.0, 1.0, 1.0]
[1.0, 1.0, 1.0, 1.0, 1.0, 1.0]
[1.0, 1.0, 1.0, 1.0, 1.0, 1.0, 1.0]
[1.0, 1.0, 1.0, 1.0, 1.0, 1.0, 1.0]
[]
[1.0]
[1.0]
[1.0]
[1.0]
[1.0, 1.0, 1.0, 1.0, 0.896204948425293, 1.0]
[1.0, 1.0]
[1.0, 1.0, 1.0, 1.0, 1.0, 1.0, 1.0, 1.0, 1.0]
[1.0, 1.0, 1.0, 1.0, 0.896204948425293]
[]
[]
[1.0, 1.0, 1.0, 1.0, 1.0, 1.0, 1.0, 1.0, 1.0]
[1.0, 1.0, 1.0, 1.0, 1.0, 1.0, 1.0]
[1.0, 1.0, 1.0, 1.0, 1.0, 1.0, 1.0, 1.0, 1.0]
[1.0, 0.8498141169548035, 1.0, 1.0, 1.0, 1.0, 1.0]
[1.0, 1.0, 1.0]
[1.0, 0.9098319411277771]
[1.0, 1.0, 0.896204948425293, 1.0, 1.0]
[1.0, 1.0, 1.0, 1.0, 1.0]
[1.0, 0.9222756028175354, 1.0]
[0.8498137593269348, 1.0, 1.0, 1.0, 1.0]
[1.0, 1.0, 0.881521999835968, 0.9098319411277771]
[1.0, 1.0, 0.881521999835968, 0.8659750819206238]
[1.0, 1.0, 0.8962046504020691, 1.0, 1.0]
[1.0, 1.0, 1.0]
[1.0, 0.9222753643989563, 1.0, 0.8333333134651184, 0.8962046504020691, 0.9222753643989563, 1.0]
[1.0, 1.0, 1.0, 1.0, 1.0]
[1.0, 1.0, 0.9098319411277771, 1.0, 0.8498134613037109, 0.9098319411277771]
[1.0, 1.0, 1.0]
[]
[]
[1.0]
[1.0, 1.0, 1.0, 1.0, 0.896204948425293, 1.0]
[1.0, 1.0, 1.0, 1.0, 1.0]
[1.0, 1.0, 1.0, 0.9098319411277771]
[1.0, 1.0, 1.0, 1.0, 1.0, 1.0, 1.0]
[1.0, 1.0]
[1.0, 1.0, 1.0, 1.0]
[1.0]
[1.0, 1.0, 1.0, 1.0]
[]
[1.0, 1.0, 1.0, 1.0]
[1.0, 1.0, 1.0, 1.0, 1.0]
[]
[1.0, 1.0, 1.0, 1.0, 1.0, 1.0, 1.0]
[1.0, 1.0, 0.881521999835968, 1.0, 1.0, 0.8333333134651184]
[1.0, 1.0, 1.0, 1.0, 1.0, 1.0, 1.0, 1.0, 1.0]
[1.0, 1.0, 1.0, 1.0, 0.896204948425293, 1.0, 1.0, 1.0]
[1.0, 1.0, 1.0, 1.0, 0.8498134613037109, 1.0, 1.0]
[1.0, 1.0, 1.0, 1.0]
[1.0, 1.0, 1.0, 1.0, 1.0, 1.0, 1.0]
[1.0, 1.0, 1.0, 1.0, 1.0, 1.0]
[0.881521999835968, 1.0, 1.0, 1.0]
[1.0, 1.0, 1.0, 1.0, 0.8498137593269348, 1.0]
[1.0, 1.0, 1.0, 1.0, 1.0, 1.0]
[0.9222756028175354, 1.0, 1.0, 1.0, 1.0, 1.0]
[1.0, 1.0, 0.909831702709198, 1.0, 1.0]
[1.0, 1.0, 1.0, 1.0, 1.0, 1.0, 1.0, 1.0, 1.0]
[1.0, 1.0, 0.9222753643989563, 1.0, 1.0]
[1.0, 1.0, 1.0, 1.0, 0.8498134613037109, 0.881521999835968, 1.0]
[1.0, 1.0, 1.0, 1.0, 1.0]
[1.0, 1.0, 0.9098319411277771, 1.0, 1.0, 1.0]
[1.0, 1.0, 1.0, 1.0, 1.0, 1.0, 1.0]
[0.909831702709198, 1.0, 1.0, 1.0, 1.0, 1.0]
[1.0, 0.896204948425293, 1.0, 1.0, 1.0, 1.0, 1.0]
[1.0, 1.0, 1.0, 1.0, 1.0, 1.0]
[1.0, 1.0, 1.0]
[1.0, 1.0, 1.0, 1.0, 1.0, 1.0]
[1.0, 1.0, 1.0, 0.8659747242927551]
[1.0, 1.0, 1.0]
[1.0, 1.0, 1.0, 1.0, 1.0, 1.0]
[1.0, 1.0, 1.0, 0.8333333134651184, 1.0, 0.881521999835968]
[1.0, 1.0, 1.0, 1.0, 1.0, 1.0, 1.0, 1.0]
[1.0, 1.0, 1.0, 1.0, 1.0, 1.0, 1.0]
[1.0, 0.8498134613037109, 1.0, 1.0, 1.0, 1.0, 0.9222753643989563, 1.0]
[1.0, 1.0, 1.0, 1.0, 1.0, 1.0, 1.0]
[0.909831702709198, 1.0, 1.0, 1.0, 1.0, 1.0]
[1.0, 1.0, 1.0, 1.0, 1.0, 1.0, 1.0, 1.0, 1.0]
[1.0, 1.0, 1.0, 0.8659750819206238, 1.0, 1.0]
[0.9222756028175354, 1.0, 1.0, 1.0, 1.0, 1.0, 1.0, 1.0]
[1.0, 1.0, 1.0, 1.0, 1.0, 1.0, 1.0, 1.0]
[]
[1.0, 1.0, 1.0, 1.0, 1.0, 1.0, 1.0]
[]
[1.0]
[1.0, 1.0, 1.0, 1.0]
[1.0, 1.0, 1.0]
[]
[]
[1.0, 1.0, 1.0, 1.0, 1.0]
[1.0, 1.0, 1.0, 1.0]
[1.0, 1.0, 1.0, 1.0, 0.881521999835968, 1.0]
[1.0, 1.0]
[1.0, 1.0, 1.0, 1.0, 1.0, 1.0]
[1.0, 1.0, 0.9222753643989563, 1.0, 0.8498134613037109]
[1.0]
[1.0, 0.8333333134651184, 1.0, 1.0, 1.0, 1.0, 1.0]
[1.0, 1.0]
[1.0]
[1.0, 1.0, 0.9222756028175354, 1.0, 1.0, 0.8815223574638367, 1.0, 0.8498137593269348]
[1.0, 1.0, 1.0]
[1.0, 1.0, 1.0, 1.0]
[0.9098319411277771, 1.0, 1.0, 1.0, 1.0, 1.0, 1.0, 0.896204948425293]
[]
[1.0, 1.0, 0.9222753643989563, 1.0, 1.0, 1.0]
[1.0, 1.0, 1.0, 1.0]
[1.0, 1.0, 1.0, 1.0, 1.0]
[1.0, 1.0, 0.8815223574638367, 0.9098319411277771]
[1.0, 1.0, 1.0, 1.0, 1.0]
[1.0, 0.8498137593269348, 0.896204948425293, 1.0]
[1.0, 1.0, 1.0, 1.0, 1.0]
[1.0, 1.0, 1.0, 1.0]
[1.0, 1.0, 1.0, 0.8498134613037109]
[1.0, 1.0, 1.0, 1.0, 1.0, 1.0]
[1.0, 1.0, 1.0, 0.8815217018127441, 1.0, 1.0]
[1.0, 1.0, 1.0, 1.0, 0.9222756028175354]
[1.0, 1.0, 1.0, 1.0]
[1.0, 1.0, 1.0, 1.0]
[1.0]
[1.0, 1.0, 1.0, 1.0]
[1.0, 0.909831702709198, 0.8659747242927551]
[1.0]
[1.0, 1.0, 1.0, 1.0, 1.0]
[1.0, 1.0, 1.0]
[1.0, 1.0, 1.0]
[1.0, 1.0, 1.0, 1.0, 1.0, 1.0, 1.0, 1.0, 1.0]
[1.0, 1.0, 1.0, 1.0, 1.0, 1.0]
[1.0, 1.0, 1.0, 1.0]
[0.8498134613037109, 1.0]
[]
[1.0, 0.896204948425293]
[1.0, 1.0, 1.0, 1.0, 1.0]
[1.0]
[]
[1.0, 1.0, 1.0, 0.881521999835968]
[1.0, 1.0, 1.0, 1.0]
[1.0, 1.0, 1.0, 1.0]
[1.0, 1.0, 0.8659750819206238, 1.0, 1.0]
[1.0, 1.0]
[]
[1.0, 1.0, 1.0, 0.881521999835968, 1.0, 1.0, 1.0]
[]
[1.0, 1.0, 1.0, 1.0, 1.0, 1.0, 1.0, 0.8659750819206238]
[1.0, 1.0, 1.0]
[1.0, 1.0]
[1.0, 1.0, 1.0, 1.0, 1.0, 0.8659747242927551]
[1.0, 1.0, 1.0, 1.0, 1.0]
[1.0, 1.0, 1.0]
[1.0, 1.0, 1.0, 1.0, 1.0, 1.0]
[]
[1.0, 1.0, 1.0, 1.0, 1.0]
[1.0]
[1.0, 1.0, 1.0, 1.0, 1.0, 1.0, 1.0, 1.0]
[1.0, 1.0, 1.0, 1.0, 1.0, 1.0, 1.0, 1.0, 1.0]
[1.0, 1.0, 0.8659750819206238, 1.0]
[1.0, 0.896204948425293, 1.0, 1.0, 1.0]
[1.0, 1.0]
[0.8659747242927551, 1.0, 1.0]
[1.0, 1.0, 1.0, 1.0, 1.0, 1.0]
[]
[1.0, 1.0, 1.0, 1.0, 1.0, 1.0]
[0.9222756028175354, 1.0, 0.881521999835968, 0.881521999835968, 1.0]
[1.0, 1.0, 1.0, 1.0, 1.0, 1.0, 0.909831702709198, 1.0]
[1.0, 1.0, 0.8333333134651184, 0.881521999835968, 0.896204948425293]
[1.0, 1.0, 1.0, 1.0, 1.0]
[1.0, 1.0, 1.0, 1.0, 0.8659747242927551, 0.896204948425293, 1.0]
[]
[]
[1.0, 1.0, 1.0]
[1.0, 1.0]
[1.0, 1.0, 1.0, 1.0, 1.0, 1.0, 0.8659747242927551, 1.0]
[1.0]
[1.0, 1.0]
[]
[1.0, 1.0, 1.0, 1.0, 0.896204948425293, 0.896204948425293]
[1.0, 1.0, 1.0]
[0.896204948425293, 1.0, 1.0, 1.0]
[1.0]
[1.0, 1.0]
[1.0, 1.0, 1.0]
[1.0, 1.0, 1.0]
[1.0, 1.0, 1.0]
[1.0, 1.0]
[0.9222753643989563, 1.0, 1.0, 1.0]
[1.0, 0.9222753643989563, 1.0]
[1.0]
[1.0, 1.0, 1.0]
[1.0, 0.8498141169548035, 1.0, 1.0, 1.0]
[1.0]
[0.8498137593269348, 1.0, 1.0, 1.0]
[]
[1.0]
[0.8815217018127441, 1.0, 0.8498137593269348, 0.9222753643989563, 1.0, 1.0, 0.896204948425293, 0.909831702709198]
[]
[1.0, 1.0, 1.0, 1.0, 1.0, 1.0, 1.0, 1.0]
[1.0, 1.0]
[1.0, 1.0, 1.0, 1.0]
[1.0, 1.0]
[0.909831702709198, 0.8333333134651184, 1.0]
[1.0, 0.8333333134651184, 1.0]
[1.0, 1.0, 1.0, 1.0, 1.0, 1.0]
[1.0]
[]
[1.0, 1.0, 1.0]
[1.0, 1.0, 1.0, 1.0]
[0.9222756028175354, 1.0, 0.881521999835968]
[1.0]
[1.0, 1.0, 1.0, 1.0, 1.0, 1.0]
[1.0, 1.0, 0.896204948425293, 1.0, 1.0]
[]
[0.9098319411277771, 0.909831702709198, 1.0]
[]
[1.0, 1.0, 1.0, 1.0, 1.0, 1.0, 1.0]
[1.0, 1.0]
[1.0, 1.0, 1.0]
[1.0, 1.0, 1.0]
[1.0, 1.0, 0.8962046504020691, 1.0, 1.0, 0.8498137593269348]
[1.0, 1.0, 1.0, 1.0, 1.0, 1.0]
[1.0, 0.8498137593269348, 1.0, 1.0]
[1.0, 1.0, 0.896204948425293, 1.0, 1.0, 1.0, 1.0]
[1.0, 1.0, 1.0, 1.0, 1.0, 1.0]
[1.0, 1.0, 1.0, 1.0]
[1.0, 1.0, 1.0, 1.0, 1.0, 1.0, 1.0, 1.0]
[1.0, 1.0, 1.0, 1.0]
[1.0, 1.0, 1.0, 1.0, 1.0, 1.0, 1.0, 1.0]
[1.0, 1.0, 1.0, 1.0, 1.0, 1.0, 1.0]
[1.0, 0.8333333134651184, 1.0]
[1.0, 1.0, 1.0, 1.0, 1.0, 1.0, 1.0, 1.0]
[1.0, 1.0, 1.0, 1.0, 1.0, 1.0, 1.0]
[1.0, 1.0, 1.0, 1.0, 1.0, 0.8659747242927551]
[1.0, 1.0]
[]
[1.0, 1.0]
[1.0, 1.0]
[1.0]
[1.0]
[1.0, 0.8659747242927551]
[1.0, 1.0]
[0.8659747242927551]
[1.0, 1.0, 1.0, 1.0]
[1.0, 1.0, 1.0]
[1.0, 1.0, 1.0, 0.896204948425293, 1.0, 1.0, 1.0]
[1.0, 1.0, 1.0]
[1.0, 1.0, 1.0, 1.0]
[1.0, 1.0]
[1.0, 1.0, 1.0, 1.0, 1.0]
[1.0, 1.0, 1.0]
[1.0, 0.896204948425293, 1.0, 1.0, 1.0, 1.0, 1.0]
[1.0, 1.0, 0.881521999835968, 1.0, 1.0]
[0.8498137593269348]
[1.0, 1.0, 1.0, 1.0]
[]
[1.0, 1.0, 1.0, 1.0, 1.0, 1.0, 1.0, 1.0]
[1.0, 1.0, 1.0, 1.0, 1.0, 1.0, 1.0, 1.0]
[]
[1.0]
[]
[1.0, 1.0]
[]
[]
[]
[]
[]
[1.0]
[]
[]
[1.0, 1.0]
[]
[1.0, 1.0]
[1.0, 0.8333333134651184, 1.0, 1.0]
[]
[0.9098319411277771]
[1.0]
[1.0]
[1.0, 1.0]
[1.0, 1.0]
[1.0]
[1.0, 1.0]
